total,76.0720
0,88.0000
1,92.0000
2,80.0000
3,78.0000
4,86.0000
5,76.0000
6,84.0000
7,70.0000
8,82.0000
9,100.0000
10,88.0000
11,98.0000
12,92.0000
13,100.0000
14,92.0000
15,100.0000
16,90.0000
17,92.0000
18,92.0000
19,96.0000
20,88.0000
21,82.0000
22,96.0000
23,100.0000
24,98.0000
25,96.0000
26,68.0000
27,76.0000
28,88.0000
29,86.0000
30,78.0000
31,86.0000
32,40.0000
33,74.0000
34,64.0000
35,66.0000
36,60.0000
37,86.0000
38,86.0000
39,88.0000
40,50.0000
41,94.0000
42,80.0000
43,88.0000
44,72.0000
45,84.0000
46,58.0000
47,78.0000
48,94.0000
49,74.0000
50,86.0000
51,94.0000
52,76.0000
53,90.0000
54,68.0000
55,68.0000
56,86.0000
57,82.0000
58,80.0000
59,66.0000
60,36.0000
61,86.0000
62,52.0000
63,86.0000
64,68.0000
65,70.0000
66,52.0000
67,74.0000
68,40.0000
69,96.0000
70,88.0000
71,96.0000
72,88.0000
73,46.0000
74,60.0000
75,88.0000
76,92.0000
77,80.0000
78,74.0000
79,78.0000
80,92.0000
81,84.0000
82,90.0000
83,92.0000
84,90.0000
85,92.0000
86,76.0000
87,96.0000
88,94.0000
89,92.0000
90,98.0000
91,88.0000
92,98.0000
93,92.0000
94,96.0000
95,96.0000
96,88.0000
97,86.0000
98,90.0000
99,80.0000
100,96.0000
101,68.0000
102,100.0000
103,78.0000
104,88.0000
105,86.0000
106,84.0000
107,94.0000
108,66.0000
109,94.0000
110,86.0000
111,92.0000
112,76.0000
113,86.0000
114,84.0000
115,86.0000
116,86.0000
117,90.0000
118,80.0000
119,70.0000
120,74.0000
121,84.0000
122,82.0000
123,86.0000
124,72.0000
125,90.0000
126,72.0000
127,90.0000
128,86.0000
129,98.0000
130,98.0000
131,88.0000
132,88.0000
133,90.0000
134,74.0000
135,98.0000
136,96.0000
137,90.0000
138,92.0000
139,98.0000
140,90.0000
141,94.0000
142,92.0000
143,96.0000
144,96.0000
145,96.0000
146,92.0000
147,92.0000
148,96.0000
149,86.0000
150,86.0000
151,74.0000
152,80.0000
153,78.0000
154,84.0000
155,74.0000
156,92.0000
157,94.0000
158,66.0000
159,84.0000
160,94.0000
161,84.0000
162,82.0000
163,54.0000
164,88.0000
165,64.0000
166,76.0000
167,30.0000
168,74.0000
169,96.0000
170,66.0000
171,90.0000
172,80.0000
173,72.0000
174,92.0000
175,64.0000
176,80.0000
177,88.0000
178,92.0000
179,70.0000
180,68.0000
181,94.0000
182,90.0000
183,84.0000
184,76.0000
185,78.0000
186,70.0000
187,64.0000
188,80.0000
189,80.0000
190,86.0000
191,84.0000
192,76.0000
193,64.0000
194,84.0000
195,94.0000
196,70.0000
197,86.0000
198,82.0000
199,76.0000
200,80.0000
201,74.0000
202,70.0000
203,94.0000
204,68.0000
205,88.0000
206,82.0000
207,94.0000
208,82.0000
209,84.0000
210,84.0000
211,78.0000
212,82.0000
213,78.0000
214,90.0000
215,90.0000
216,90.0000
217,94.0000
218,88.0000
219,76.0000
220,72.0000
221,82.0000
222,78.0000
223,86.0000
224,78.0000
225,92.0000
226,62.0000
227,70.0000
228,92.0000
229,94.0000
230,76.0000
231,62.0000
232,76.0000
233,80.0000
234,94.0000
235,86.0000
236,78.0000
237,80.0000
238,68.0000
239,96.0000
240,38.0000
241,70.0000
242,74.0000
243,84.0000
244,90.0000
245,88.0000
246,70.0000
247,94.0000
248,52.0000
249,80.0000
250,72.0000
251,96.0000
252,90.0000
253,90.0000
254,92.0000
255,100.0000
256,86.0000
257,86.0000
258,98.0000
259,96.0000
260,90.0000
261,90.0000
262,92.0000
263,88.0000
264,82.0000
265,66.0000
266,40.0000
267,86.0000
268,94.0000
269,72.0000
270,88.0000
271,58.0000
272,62.0000
273,78.0000
274,94.0000
275,100.0000
276,94.0000
277,60.0000
278,70.0000
279,96.0000
280,70.0000
281,50.0000
282,24.0000
283,90.0000
284,94.0000
285,64.0000
286,94.0000
287,76.0000
288,84.0000
289,84.0000
290,78.0000
291,96.0000
292,88.0000
293,92.0000
294,92.0000
295,86.0000
296,92.0000
297,76.0000
298,80.0000
299,80.0000
300,94.0000
301,84.0000
302,64.0000
303,74.0000
304,68.0000
305,86.0000
306,92.0000
307,88.0000
308,86.0000
309,78.0000
310,76.0000
311,64.0000
312,64.0000
313,72.0000
314,78.0000
315,82.0000
316,92.0000
317,90.0000
318,82.0000
319,80.0000
320,84.0000
321,94.0000
322,96.0000
323,94.0000
324,96.0000
325,96.0000
326,94.0000
327,88.0000
328,86.0000
329,72.0000
330,74.0000
331,90.0000
332,96.0000
333,100.0000
334,90.0000
335,84.0000
336,88.0000
337,84.0000
338,86.0000
339,96.0000
340,96.0000
341,52.0000
342,86.0000
343,92.0000
344,92.0000
345,62.0000
346,90.0000
347,90.0000
348,68.0000
349,66.0000
350,100.0000
351,98.0000
352,80.0000
353,78.0000
354,98.0000
355,92.0000
356,42.0000
357,72.0000
358,48.0000
359,72.0000
360,80.0000
361,94.0000
362,92.0000
363,88.0000
364,98.0000
365,88.0000
366,82.0000
367,90.0000
368,74.0000
369,70.0000
370,84.0000
371,66.0000
372,92.0000
373,78.0000
374,64.0000
375,90.0000
376,100.0000
377,76.0000
378,78.0000
379,90.0000
380,64.0000
381,42.0000
382,78.0000
383,74.0000
384,92.0000
385,64.0000
386,62.0000
387,94.0000
388,94.0000
389,78.0000
390,62.0000
391,86.0000
392,94.0000
393,88.0000
394,80.0000
395,76.0000
396,96.0000
397,90.0000
398,84.0000
399,82.0000
400,38.0000
401,86.0000
402,54.0000
403,78.0000
404,88.0000
405,76.0000
406,58.0000
407,94.0000
408,72.0000
409,66.0000
410,88.0000
411,66.0000
412,62.0000
413,48.0000
414,44.0000
415,50.0000
416,88.0000
417,94.0000
418,62.0000
419,80.0000
420,86.0000
421,70.0000
422,58.0000
423,68.0000
424,64.0000
425,94.0000
426,84.0000
427,64.0000
428,72.0000
429,80.0000
430,94.0000
431,74.0000
432,88.0000
433,74.0000
434,64.0000
435,42.0000
436,66.0000
437,76.0000
438,56.0000
439,82.0000
440,72.0000
441,78.0000
442,72.0000
443,62.0000
444,88.0000
445,60.0000
446,70.0000
447,64.0000
448,80.0000
449,84.0000
450,92.0000
451,84.0000
452,74.0000
453,72.0000
454,62.0000
455,70.0000
456,78.0000
457,80.0000
458,94.0000
459,58.0000
460,70.0000
461,40.0000
462,68.0000
463,60.0000
464,52.0000
465,52.0000
466,98.0000
467,84.0000
468,68.0000
469,56.0000
470,64.0000
471,88.0000
472,96.0000
473,74.0000
474,74.0000
475,94.0000
476,96.0000
477,60.0000
478,54.0000
479,40.0000
480,74.0000
481,56.0000
482,26.0000
483,74.0000
484,74.0000
485,50.0000
486,84.0000
487,78.0000
488,36.0000
489,76.0000
490,68.0000
491,90.0000
492,64.0000
493,26.0000
494,66.0000
495,76.0000
496,90.0000
497,68.0000
498,62.0000
499,42.0000
500,90.0000
501,44.0000
502,58.0000
503,56.0000
504,48.0000
505,60.0000
506,70.0000
507,76.0000
508,66.0000
509,54.0000
510,86.0000
511,86.0000
512,90.0000
513,52.0000
514,74.0000
515,72.0000
516,54.0000
517,74.0000
518,94.0000
519,60.0000
520,72.0000
521,76.0000
522,80.0000
523,62.0000
524,56.0000
525,80.0000
526,54.0000
527,54.0000
528,88.0000
529,70.0000
530,54.0000
531,54.0000
532,76.0000
533,86.0000
534,64.0000
535,98.0000
536,52.0000
537,86.0000
538,76.0000
539,54.0000
540,88.0000
541,52.0000
542,56.0000
543,68.0000
544,72.0000
545,84.0000
546,76.0000
547,88.0000
548,88.0000
549,48.0000
550,72.0000
551,78.0000
552,84.0000
553,82.0000
554,100.0000
555,84.0000
556,58.0000
557,72.0000
558,48.0000
559,72.0000
560,92.0000
561,90.0000
562,90.0000
563,78.0000
564,84.0000
565,98.0000
566,80.0000
567,42.0000
568,90.0000
569,96.0000
570,86.0000
571,88.0000
572,60.0000
573,96.0000
574,92.0000
575,80.0000
576,98.0000
577,64.0000
578,68.0000
579,74.0000
580,78.0000
581,80.0000
582,64.0000
583,90.0000
584,44.0000
585,56.0000
586,80.0000
587,56.0000
588,70.0000
589,72.0000
590,54.0000
591,78.0000
592,80.0000
593,72.0000
594,96.0000
595,76.0000
596,68.0000
597,78.0000
598,64.0000
599,70.0000
600,36.0000
601,62.0000
602,66.0000
603,92.0000
604,92.0000
605,80.0000
606,88.0000
607,98.0000
608,66.0000
609,82.0000
610,80.0000
611,90.0000
612,94.0000
613,82.0000
614,90.0000
615,80.0000
616,82.0000
617,82.0000
618,38.0000
619,56.0000
620,22.0000
621,84.0000
622,62.0000
623,28.0000
624,56.0000
625,98.0000
626,70.0000
627,82.0000
628,88.0000
629,74.0000
630,84.0000
631,62.0000
632,54.0000
633,42.0000
634,72.0000
635,58.0000
636,68.0000
637,84.0000
638,26.0000
639,38.0000
640,98.0000
641,82.0000
642,84.0000
643,60.0000
644,78.0000
645,98.0000
646,80.0000
647,68.0000
648,64.0000
649,84.0000
650,52.0000
651,56.0000
652,74.0000
653,74.0000
654,82.0000
655,60.0000
656,50.0000
657,42.0000
658,78.0000
659,88.0000
660,58.0000
661,92.0000
662,64.0000
663,48.0000
664,44.0000
665,78.0000
666,88.0000
667,64.0000
668,94.0000
669,96.0000
670,88.0000
671,76.0000
672,90.0000
673,46.0000
674,90.0000
675,50.0000
676,68.0000
677,60.0000
678,68.0000
679,94.0000
680,78.0000
681,42.0000
682,86.0000
683,66.0000
684,84.0000
685,96.0000
686,66.0000
687,88.0000
688,96.0000
689,30.0000
690,78.0000
691,58.0000
692,58.0000
693,76.0000
694,94.0000
695,74.0000
696,78.0000
697,70.0000
698,76.0000
699,82.0000
700,68.0000
701,94.0000
702,66.0000
703,76.0000
704,88.0000
705,54.0000
706,52.0000
707,86.0000
708,64.0000
709,74.0000
710,62.0000
711,64.0000
712,64.0000
713,96.0000
714,78.0000
715,78.0000
716,86.0000
717,68.0000
718,64.0000
719,90.0000
720,72.0000
721,82.0000
722,88.0000
723,84.0000
724,78.0000
725,62.0000
726,88.0000
727,86.0000
728,44.0000
729,52.0000
730,80.0000
731,58.0000
732,80.0000
733,42.0000
734,80.0000
735,70.0000
736,84.0000
737,66.0000
738,82.0000
739,94.0000
740,44.0000
741,78.0000
742,54.0000
743,58.0000
744,26.0000
745,66.0000
746,88.0000
747,66.0000
748,50.0000
749,76.0000
750,64.0000
751,74.0000
752,78.0000
753,72.0000
754,52.0000
755,94.0000
756,84.0000
757,86.0000
758,72.0000
759,74.0000
760,78.0000
761,84.0000
762,48.0000
763,84.0000
764,48.0000
765,70.0000
766,84.0000
767,66.0000
768,88.0000
769,74.0000
770,76.0000
771,84.0000
772,62.0000
773,62.0000
774,66.0000
775,60.0000
776,70.0000
777,76.0000
778,64.0000
779,88.0000
780,80.0000
781,88.0000
782,22.0000
783,90.0000
784,40.0000
785,88.0000
786,86.0000
787,64.0000
788,94.0000
789,74.0000
790,62.0000
791,82.0000
792,66.0000
793,78.0000
794,60.0000
795,74.0000
796,82.0000
797,68.0000
798,72.0000
799,50.0000
800,94.0000
801,92.0000
802,96.0000
803,90.0000
804,60.0000
805,90.0000
806,70.0000
807,80.0000
808,70.0000
809,62.0000
810,44.0000
811,56.0000
812,94.0000
813,30.0000
814,90.0000
815,76.0000
816,94.0000
817,54.0000
818,34.0000
819,74.0000
820,96.0000
821,88.0000
822,88.0000
823,74.0000
824,64.0000
825,76.0000
826,56.0000
827,54.0000
828,68.0000
829,90.0000
830,70.0000
831,86.0000
832,90.0000
833,86.0000
834,60.0000
835,72.0000
836,28.0000
837,48.0000
838,46.0000
839,72.0000
840,84.0000
841,38.0000
842,60.0000
843,78.0000
844,62.0000
845,66.0000
846,52.0000
847,78.0000
848,50.0000
849,76.0000
850,82.0000
851,70.0000
852,78.0000
853,88.0000
854,80.0000
855,70.0000
856,56.0000
857,78.0000
858,68.0000
859,76.0000
860,38.0000
861,74.0000
862,78.0000
863,92.0000
864,62.0000
865,70.0000
866,84.0000
867,78.0000
868,58.0000
869,64.0000
870,84.0000
871,78.0000
872,66.0000
873,94.0000
874,98.0000
875,68.0000
876,44.0000
877,76.0000
878,68.0000
879,66.0000
880,84.0000
881,84.0000
882,82.0000
883,50.0000
884,80.0000
885,20.0000
886,92.0000
887,64.0000
888,80.0000
889,70.0000
890,92.0000
891,80.0000
892,62.0000
893,60.0000
894,76.0000
895,80.0000
896,78.0000
897,82.0000
898,66.0000
899,26.0000
900,96.0000
901,66.0000
902,76.0000
903,86.0000
904,68.0000
905,58.0000
906,34.0000
907,48.0000
908,66.0000
909,58.0000
910,60.0000
911,36.0000
912,76.0000
913,84.0000
914,78.0000
915,94.0000
916,100.0000
917,70.0000
918,88.0000
919,80.0000
920,84.0000
921,60.0000
922,88.0000
923,48.0000
924,76.0000
925,64.0000
926,76.0000
927,94.0000
928,64.0000
929,80.0000
930,64.0000
931,70.0000
932,74.0000
933,92.0000
934,78.0000
935,72.0000
936,88.0000
937,92.0000
938,90.0000
939,70.0000
940,80.0000
941,82.0000
942,80.0000
943,68.0000
944,86.0000
945,88.0000
946,90.0000
947,36.0000
948,90.0000
949,62.0000
950,76.0000
951,80.0000
952,88.0000
953,84.0000
954,84.0000
955,98.0000
956,94.0000
957,88.0000
958,84.0000
959,86.0000
960,54.0000
961,36.0000
962,72.0000
963,84.0000
964,70.0000
965,84.0000
966,62.0000
967,64.0000
968,38.0000
969,46.0000
970,62.0000
971,84.0000
972,66.0000
973,68.0000
974,94.0000
975,54.0000
976,54.0000
977,62.0000
978,50.0000
979,76.0000
980,86.0000
981,80.0000
982,82.0000
983,78.0000
984,98.0000
985,96.0000
986,100.0000
987,40.0000
988,96.0000
989,98.0000
990,94.0000
991,94.0000
992,84.0000
993,96.0000
994,88.0000
995,100.0000
996,88.0000
997,76.0000
998,52.0000
999,40.0000
